 254  254  254  254  254  254  254  254  254  254  254  254  254  254  254  254  254  254  254  254  254  254  254  254  254  254  254  254  254  254  254  254  254  254  254  254  254  254  254  254  254  254  254  254  254  254  254  254  254  254  254  254  254  254  254  254  254  254  254  254  254  254  254  254  254  254  254  254  254  254  254  254  254  254  254  254  254  254  254  254
 254  254  254  254  254  254  254  254  254  254  254  254  254  254  254  254  254  254  254  254  254  254  254  254  254  254  254  254  254  254  254  254  254  254  254  254  254  254  254  254  254  254  254  254  254  254  254  254  254  254  254  254  254  254  254  254  254  254  254  254  254  254  254  254  254  254  254  254  254  254  254  254  254  254  254  254  254  254  254  254
 254  254  254  254  254  254  254  254  254  254  254  254  254  254  254  254  254  254  254  254  254  254  254  254  254  254  254  254  254  254  254  254  254  254  254  254  254  254  254  254  254  254  254  254  254  254  254  254  254  254  254  254  254  254  254  254  254  254  254  254  254  254  254  254  254  254  254  254  254  254  254  254  254  254  254  254  254  254  254  254
 254  254  254  254  254  254  254  254  254  254  254  254  254  254  254  254  254  254  254  254  254  254  254  254  254  254  254  254  254  254  254  254  254  254  254  254  254  254  254  254  254  254  254  254  254  254  254  254  254  254  254  254  254  254  254  254  254  254  254  254  254  254  254  254  254  254  254  254  254  254  254  254  254  254  254  254  254  254  254  254
 254  254  254  254  254  254  254  254  254  254  254  254  254  254  254  254  254  254  254  254  254  254  254  254  254  254  254  254  254  254  254  254  254  254  254  254  254  254  254  254  254  254  254  254  254  254  254  254  254  254  254  254  254  254  254  254  254  254  254  254  254  254  254  254  254  254  254  254  254  254  254  254  254  254  254  254  254  254  254  254
 254  254  254  254  254  254  254  254  254  254  254  254  254  254  254  254  254  254  254  254  254  254  254  254  254  254  254  254  254  254  254  254  254  254  254  254  254  254  254  254  254  254  254  254  254  254  254  254  254  254  254  254  254  254  254  254  254  254  254  254  254  254  254  254  254  254  254  254  254  254  254  254  254  254  254  254  254  254  254  254
 254  254  254  254  254  254  254  254  254  254  254  254  254  254  254  254  254  254  254  254  254  254  254  254  254  254  254  254  254  254  254  254  254  254  254  254  254  254  254  254  254  254  254  254  254  254  254  254  254  254  254  254  254  254  254  254  254  254  254  254  254  254  254  254  254  254  254  254  254  254  254  254  254  254  254  254  254  254  254  254
 254  254  254  254  254  254  254  254  254  254  254  254  254  254  254  254  254  254  254  254  254  254  254  254  254  254  254  254  254  254  254  254  254  254  254  254  254  254  254  254  254  254  254  254  254  254  254  254  254  254  254  254  254  254  254  254  254  254  254  254  254  254  254  254  254  254  254  254  254  254  254  254  254  254  254  254  254  254  254  254
 254  254  254  254  254  254  254  254  254  254  254  254  254  254  254  254  254  254  254  254  254  254  254  254  254  254  254  254  254  254  254  254  254  254  254  254  254  254  254  254  254  254  254  254  254  254  254  254  254  254  254  254  254  254  254  254  254  254  254  254  254  254  254  254  254  254  254  254  254  254  254  254  254  254  254  254  254  254  254  254
 254  254  254  254  254  254  254  254  254  254  254  254  254  254  254  254  254  254  254  254  254  254  254  254  254  254  254  254  254  254  254  254  254  254  254  254  254  254  254  254  254  254  254  254  254  254  254  254  254  254  254  254  254  254  254  254  254  254  254  254  254  254  254  254  254  254  254  254  254  254  254  254  254  254  254  254  254  254  254  254
 254  254    9    0    0    0    0    0   31  243  254  254  254  208   75   36   30   24   18   11    3    1    1    0    0    0    0    0    0    0    0    0    0    0    0    0    0   15   41   45   51   57   63   68   74   81   86   92   97  115  224  252  254  254  254  254  254  254  254  254  254  254  253  131   95   87   78   68   59   49   42  187  254  254  254  254  254  254  254  254
 254  254    0    0    0    0    0    0    0    0    0    0    0    0    0    0    0    0    0    0    0    0    0    0    0    0    0    0    0    0    0    0    0    0    0    0    0    0    0    0    0    0    0    0    0    0    0    0    0    0    0    0    0    0    0    0    0    0    0    0    0    0    0    0    0    0    0    0    0    0    0    0    0  254  254  254  254  254  254  254
 254  254   78    0    0    0    0    0    0    0    0    0    0    0    0    0    0    0    0    0    0    0    0    0    0    0    0    0    0    0    0    0    0    0    0    0    0    0    0    0    0    0    0    0    0    0    0    0    0    0    0    0    0    0    0    0    0    0    0    0    0    0    0    0    0    0    0    0    0    0    0    0    0  174  254  254  254  254  254  254
 254  254  254  254   97    0    0    0    0    0    0    0    0    0    0    0    0    0    0    0    0    0    0    0    0    0    0    0    0    0    0    0    0    0    0    0    0    0    0    0    0    0    0    0    0    0    0    0    0    0    0    0    0    0    0    0    0    0    0    0    0    0    0    0    0    0    0    0    0    0    0    0   75  254  254  254  254  254  254  254
 254  254  254  254  254  254  254  254  254  254  254  254  254  254  254  254  254  254  254  254  254  254  163    6    0    0    0    0    0    0    0    0    0    0    0    0    0    0    0    0    0    0    0    0    0    0    0    0    0    0    0    0    0    0    0    0    0    0    0    0    0    0    0    0    0    0    0    0    7  248  254  254  254  254  254  254  254  254  254  254
 254  254  254  254  254  254  254  254  254  254  254  254  254  254  254  254  254  254  254  254  254  254  254  254  254  254  254  254  254  254  254  254  254  254  254  254  254  254  254  253  222  188  191  193  196  198  201  203  206  208  211  213  216  218  221  223  226  228  231  233  236  237  238  239  240  241  242  254  254  254  254  254  254  254  254  254  254  254  254  254
 254  254  254  254  254  254  254  254  254  254  254  254  254  254  254  254  254  254  254  254  254  254  254  254  254  254  254  254  254  254  254  254  254  254  254  254  254  254  254  254  254  254  254  254  254  254  254  254  254  254  254  254  254  254  254  254  254  254  254  254  254  254  254  254  254  254  254  254  254  254  254  254  254  254  254  254  254  254  254  254
 254  254  254  254  254  254  254  254  254  254  254  254  254  254  254  254  254  254  254  254  254  254  254  254  254  254  254  254  254  254  254  254  254  254  254  254  254  254  254  254  254  254  254  254  254  254  254  254  254  254  254  254  254  254  254  254  254  254  254  254  254  254  254  254  254  254  254  254  254  254  254  254  254  254  254  254  254  254  254  254
 254  254  254  254  254  254  254  254  254  254  254  254  254  254  254  254  254  254  254  254  254  254  254  254  254  254  254  254  254  254  254  254  254  254  254  254  254  254  254  254  254  254  254  254  254  254  254  254  254  254  254  254  254  254  254  254  254  254  254  254  254  254  254  254  254  254  254  254  254  254  254  254  254  254  254  254  254  254  254  254
 254  254  254  254  254  254  254  254  254  254  254  254  254  254  254  254  254  254  254  254  254  254  254  254  254  254  254  254  254  254  254  254  254  254  254  254  254  254  254  254  254  254  254  254  254  254  254  254  254  254  254  254  254  254  254  254  254  254  254  254  254  254  254  254  254  254  254  254  254  254  254  254  254  254  254  254  254  254  254  254
 254  254  254  254  254  254  254  254  254  254  254  254  254  254  254  254  254  254  254  254  254  254  254  254  254  254  254  254  254  254  254  254  254  254  254  254  254  254  254  254  254  254  254  254  254  254  254  254  254  254  254  254  254  254  254  254  254  254  254  254  254  254  254  254  254  254  254  254  254  254  254  254  254  254  254  254  254  254  254  254
 254  254  254  254  254  254  254  254  254  254  254  254  254  254  254  254  254  254  254  254  254  254  254  254  254  254  254  254  254  254  254  254  254  254  254  254  254  254  254  254  254  254  254  254  254  254  254  254  254  254  254  254  254  254  254  254  254  254  254  254  254  254  254  254  254  254  254  254  254  254  254  254  254  254  254  254  254  254  254  254
 254  254  254  254  254  254  254  254  254  254  254  254  254  254  254  254  254  254  254  254  254  254  254  254  254  254  254  254  254  254  254  254  254  254  254  254  254  254  254  254  254  254  254  254  254  254  254  254  254  254  254  254  254  254  254  254  254  254  254  254  254  254  254  254  254  254  254  254  254  254  254  254  254  254  254  254  254  254  254  254
 254  254  254  254  254  254  254  254  254  254  254  254  254  254  254  254  254  254  254  254  254  254  254  254  254  254  254  254  254  254  254  254  254  254  254  254  254  254  254  254  254  254  254  254  254  254  254  254  254  254  254  254  254  254  254  254  254  254  254  254  254  254  254  254  254  254  254  254  254  254  254  254  254  254  254  254  254  254  254  254
 254  254  254  254  254  254  254  254  254  254  254  254  254  254  254  254  254  254  254  254  254  254  254  254  254  254  254  254  254  254  254  254  254  254  254  254  254  254  254  254  254  254  254  254  254  254  254  254  254  254  254  254  254  254  254  254  254  254  254  254  254  254  254  254  254  254  254  254  254  254  254  254  254  254  254  254  254  254  254  254
 254  254  254  254  254  254  254  254  254  254  254  254  254  254  254  254  254  254  254  254  254  254  254  254  254  254  254  254  254  254  254  254  254  254  254  254  254  254  254  254  254  254  254  254  254  254  254  254  254  254  254  254  254  254  254  254  254  254  254  254  254  254  254  254  254  254  254  254  254  254  254  254  254  254  254  254  254  254  254  254
 254  254  254  254  254  254  254  254  254  254  254  254  254  254  254  254  254  254  254  254  254  254  254  254  254  254  254  254  254  254  254  254  254  254  254  254  254  254  254  254  254  254  254  254  254  254  254  254  254  254  254  254  254  254  254  254  254  254  254  254  254  254  254  254  254  254  254  254  254  254  254  254  254  254  254  254  254  254  254  254
 254  254  254  254  254  254  254  254  254  254  254  254  254  254  254  254  254  254  254  254  254  254  254  254  254  254  254  254  254  254  254  254  254  254  254  254  254  254  254  254  254  254  254  254  254  254  254  254  254  254  254  254  254  254  254  254  254  254  254  254  254  254  254  254  254  254  254  254  254  254  254  254  254  254  254  254  254  254  254  254
 254  254  254  254  254  254  254  254  254  254  254  254  254  254  254  254  254  254  254  254  254  254  254  254  254  254  254  254  254  254  254  254  254  254  254  254  254  254  254  254  254  254  254  254  254  254  254  254  254  254  254  254  254  254  254  254  254  254  254  254  254  254  254  254  254  254  254  254  254  254  254  254  254  254  254  254  254  254  254  254
 254  254  254  254  254  254  254  254  254  254  254  254  254  254  254  254  254  254  254  254  254  254  254  254  254  254  254  254  254  254  254  254  254  254  254  254  254  254  254  254  254  254  254  254  254  254  254  254  254  254  254  254  254  254  254  254  254  254  254  254  254  254  254  254  254  254  254  254  254  254  254  254  254  254  254  254  254  254  254  254
 254  254  254  254  254  254  254  254  254  254  254  254  254  254  254  254  254  254  254  254  254  254  254  254  254  254  254  254  254  254  254  254  254  254  254  254  254  254  254  254  254  254  254  254  254  254  254  254  254  254  254  254  254  254  254  254  254  254  254  254  254  254  254  254  254  254  254  254  254  254  254  254  254  254  254  254  254  254  254  254
 254  254  254  254  254  254  254  254  254  254  254  254  254  254  254  254  254  254  254  254  254  254  254  254  254  254  254  254  254  254  254  254  254  254  254  254  254  254  254  254  254  254  254  254  254  254  254  254  254  254  254  254  254  254  254  254  254  254  254  254  254  254  254  254  254  254  254  254  254  254  254  254  254  254  254  254  254  254  254  254
 254  254  254  254  254  254  254  254  254  254  254  254  254  254  254  254  254  254  254  254  254  254  254  254  254  254  254  254  254  254  254  254  254  254  254  254  254  254  254  254  254  254  254  254  254  254  254  254  254  254  254  254  254  254  254  254  254  254  254  254  254  254  254  254  254  254  254  254  254  254  254  254  254  254  254  254  254  254  254  254
 254  254  254  254  254  254  254  254  254  254  254  254  254  254  254  254  254  254  254  254  254  254  254  254  254  254  254  254  254  254  254  254  254  254  254  254  254  254  254  254  254  254  254  254  254  254  254  254  254  254  254  254  254  254  254  254  254  254  254  254  254  254  254  254  254  254  254  254  254  254  254  254  254  254  254  254  254  254  254  254
 254  254  254  254  254  254  254  254  254  254  254  254  254  254  254  254  254  254  254  254  254  254  254  254  254  254  254  254  254  254  254  254  254  254  254  254  254  254  254  254  254  254  254  254  254  254  254  254  254  254  254  254  254  254  254  254  254  254  254  254  254  254  254  254  254  254  254  254  254  254  254  254  254  254  254  254  254  254  254  254
 254  254  254  254  254  254  254  254  254  254  254  254  254  254  254  254  254  254  254  254  254  254  254  254  254  254  254  254  254  254  254  254  254  254  254  254  254  254  254  254  254  254  254  254  254  254  254  254  254  254  254  254  254  254  254  254  254  254  254  254  254  254  254  254  254  254  254  254  254  254  254  254  254  254  254  254  254  254  254  254
 254  254  254  254  254  254  254  254  254  254  254  254  254  254  254  254  254  254  254  254  254  254  254  254  254  254  254  254  254  254  254  254  254  254  254  254  254  254  254  254  254  254  254  254  254  254  254  254  254  254  254  254  254  254  254  254  254  254  254  254  254  254  254  254  254  254  254  254  254  254  254  254  254  254  254  254  254  254  254  254
 254  254  254  254  254  254  254  254  254  254  254  254  254  254  254  254  254  254  254  254  254  254  254  254  254  254  254  254  254  254  254  254  254  254  254  254  254  254  254  254  254  254  254  254  254  254  254  254  254  254  254  254  254  254  254  254  254  254  254  254  254  254  254  254  254  254  254  254  254  254  254  254  254  254  254  254  254  254  254  254
 254  254  254  254  254  254  254  254  254  254  254  254  254  254  254  254  254  254  254  254  254  254  254  254  254  254  254  254  254  254  254  254  254  254  254  254  254  254  254  254  254  254  254  254  254  254  254  254  254  254  254  254  254  254  254  254  254  254  254  254  254  254  254  254  254  254  254  254  254  254  254  254  254  254  254  254  254  254  254  254
 254  254  254  254  254  254  254  254  254  254  254  254  254  254  254  254  254  254  254  254  254  254  254  254  254  254  254  254  254  254  254  254  254  254  254  254  254  254  254  254  254  254  254  254  254  254  254  254  254  254  254  254  254  254  254  254  254  254  254  254  254  254  254  254  254  254  254  254  254  254  254  254  254  254  254  254  254  254  254  254
 254  254  254  254  254  254  254  254  254  254  254  254  254  254  254  254  254  254  254  254  254  254  254  254  254  254  254  254  254  254  254  254  254  254  254  254  254  254  254  254  254  254  254  254  254  254  254  254  254  254  254  254  254  254  254  254  254  254  254  254  254  254  254  254  254  254  254  254  254  254  254  254  254  254  254  254  254  254  254  254
 254  254  254  254  254  254  254  254  254  254  254  254  254  254  254  254  254  254  254  254  254  254  254  254  254  254  254  254  254  254  254  254  254  254  254  254  254  254  254  254  254  254  254  254  254  254  254  254  254  254  254  254  254  254  254  254  254  254  254  254  254  254  254  254  254  254  254  254  254  254  254  254  254  254  254  254  254  254  254  254
 254  254  254  254  254  254  254  254  254  254  254  254  254  254  254  254  254  254  254  254  254  254  254  254  254  254  254  254  254  254  254  254  254  254  254  254  254  254  254  254  254  254  254  254  254  254  254  254  254  254  254  254  254  254  254  254  254  254  254  254  254  254  254  254  254  254  254  254  254  254  254  254  254  254  254  254  254  254  254  254
 254  254  254  254  254  254  254  254  254  254  254  254  254  254  254  254  254  254  254  254  254  254  254  254  254  254  254  254  254  254  254  254  254  254  254  254  254  254  254  254  254  254  254  254  254  254  254  254  254  254  254  254  254  254  254  254  254  254  254  254  254  254  254  254  254  254  254  254  254  254  254  254  254  254  254  254  254  254  254  254
 254  254  254  254  254  254  254  254  254  254  254  254  254  254  254  254  254  254  254  254  254  254  254  254  254  254  254  254  254  254  254  254  254  254  254  254  254  254  254  254  254  254  254  254  254  254  254  254  254  254  254  254  254  254  254  254  254  254  254  254  254  254  254  254  254  254  254  254  254  254  254  254  254  254  254  254  254  254  254  254
 254  254  254  254  254  254  254  254  254  254  254  254  254  254  254  254  254  254  254  254  254  254  254  254  254  254  254  254  254  254  254  254  254  254  254  254  254  254  254  254  254  254  254  254  254  254  254  254  254  254  254  254  254  254  254  254  254  254  254  254  254  254  254  254  254  254  254  254  254  254  254  254  254  254  254  254  254  254  254  254
 254  254  254  254  254  254  254  254  254  254  254  254  254  254  254  254  254  254  254  254  254  254  254  254  254  254  254  254  254  254  254  254  254  254  254  254  254  254  254  254  254  254  254  254  254  254  254  254  254  254  254  254  254  254  254  254  254  254  254  254  254  254  254  254  254  254  254  254  254  254  254  254  254  254  254  254  254  254  254  254
 254  254  254  254  254  254  254  254  254  254  254  254  254  254  254  254  254  254  254  254  254  254  254  254  254  254  254  254  254  254  254  254  254  254  254  254  254  254  254  254  254  254  254  254  254  254  254  254  254  254  254  254  254  254  254  254  254  254  254  254  254  254  254  254  254  254  254  254  254  254  254  254  254  254  254  254  254  254  254  254
 254  254  254  254  254  254  254  254  254  254  254  254  254  254  254  254  254  254  254  254  254  254  254  254  254  254  254  254  254  254  254  254  254  254  254  254  254  254  254  254  254  254  254  254  254  254  254  254  254  254  254  254  254  254  254  254  254  254  254  254  254  254  254  254  254  254  254  254  254  254  254  254  254  254  254  254  254  254  254  254
 254  254  254  254  254  254  254  254  254  254  254  254  254  254  254  254  254  254  254  254  254  254  254  254  254  254  254  254  254  254  254  254  254  254  254  254  254  254  254  254  254  254  254  254  254  254  254  254  254  254  254  254  254  254  254  254  254  254  254  254  254  254  254  254  254  254  254  254  254  254  254  254  254  254  254  254  254  254  254  254
 254  254  254  254  254  254  254  254  254  254  254  254  254  254  254  254  254  254  254  254  254  254  254  254  254  254  254  254  254  254  254  254  254  254  254  254  254  254  254  254  254  254  254  254  254  254  254  254  254  254  254  254  254  254  254  254  254  254  254  254  254  254  254  254  254  254  254  254  254  254  254  254  254  254  254  254  254  254  254  254
 254  254  254  254  254  254  254  254  254  254  254  254  254  254  254  254  254  254  254  254  254  254  254  254  254  254  254  254  254  254  254  254  254  254  254  254  254  254  254  254  254  254  254  254  254  254  254  254  254  254  254  254  254  254  254  254  254  254  254  254  254  254  254  254  254  254  254  254  254  254  254  254  254  254  254  254  254  254  254  254
 254  254  254  254  254  254  254  254  254  254  254  254  254  254  254  254  254  254  254  254  254  254  254  254  254  254  254  254  254  254  254  254  254  254  254  254  254  254  254  254  254  254  254  254  254  254  254  254  254  254  254  254  254  254  254  254  254  254  254  254  254  254  254  254  254  254  254  254  254  254  254  254  254  254  254  254  254  254  254  254
 254  254  254  254  254  254  254  254  254  254  254  254  254  254  254  254  254  254  254  254  254  254  254  254  254  254  254  254  254  254  254  254  254  254  254  254  254  254  254  254  254  254  254  254  254  254  254  254  254  254  254  254  254  254  254  254  254  254  254  254  254  254  254  254  254  254  254  254  254  254  254  254  254  254  254  254  254  254  254  254
 254  254  254  254  254  254  254  254  254  254  254  254  254  254  254  254  254  254  254  254  254  254  254  254  254  254  254  254  254  254  254  254  254  254  254  254  254  254  254  254  254  254  254  254  254  254  254  254  254  254  254  254  254  254  254  254  254  254  254  254  254  254  254  254  254  254  254  254  254  254  254  254  254  254  254  254  254  254  254  254
 254  254  254  254  254  254  254  254  254  254  254  254  254  254  254  254  254  254  254  254  254  254  254  254  254  254  254  254  254  254  254  254  254  254  254  254  254  254  254  254  254  254  254  254  254  254  254  254  254  254  254  254  254  254  254  254  254  254  254  254  254  254  254  254  254  254  254  254  254  254  254  254  254  254  254  254  254  254  254  254
 254  254  254  254  253  213  198  193  188  244  254  254  254  254  254  254  254  254  254  254  254  254  254  254  254  254  254  254  254  254  254  254  254  254  254  254  254  254  254  254  254  254  254  254  254  254  254  254  254  254  254  254  254  254  254  254  254  254  254  254  254  254  254  254  254  254  254  254  254  254  254  254  254  254  254  254  254  254  254  254
 254  254  254   61    0    0    0    0    0    0    0    0   20   61  199  254  254  254  254  254  254  254  254  254  254  254  254  254  254  254  254  254  254  254  254  254  254  254  254  254  254  254  254  254  254  254  254  254  254  254  254  254  254  254  254  254  254  254  254  254  254  254  254  254  254  254  254  254  254  254  254  254  254  254  254  254  254  254  254  254
 254  254  254    0    0    0    0    0    0    0    0    0    0    0    0    0    0    0    0    0    0    0    0    0    0    0    0    0    0    0    0    0    0    0    0    0    0    0    0    0    0    0    3   46  170  251  254  254  254  254  254  254  254  254  254  254  254  254  254  254  254  254  254  254  254  254  254  254  254  254  254  254  254  254  254  254  254  254  254  254
 254  254  254    0    0    0    0    0    0    0    0    0    0    0    0    0    0    0    0    0    0    0    0    0    0    0    0    0    0    0    0    0    0    0    0    0    0    0    0    0    0    0    0    0    0    0    0    0    0    0    0    0    0    0    0    0    4   43  165  254  254  253  254  254  254  254  254  254  254  254  254  254  254  254  254  254  254  254  254  254
 254  254  254    0    0    0    0    0    0    0    0    0    0    0    0    0    0    0    0    0    0    0    0    0    0    0    0    0    0    0    0    0    0    0    0    0    0    0    0    0    0    0    0    0    0    0    0    0    0    0    0    0    0    0    0    0    0    0    0    0    0    2  179  234  245  249  251  253  254  254  254  252  249  245  251  254  254  254  254  254
 254  254  254    0    0    0    0    0    0    0    0    0    0    0    0    0    0    0    0    0    0    0    0    0    0    0    0    0    0    0    0    0    0    0    0    0    0    0    0    0    0    0    0    0    0    0    0    0    0    0    0    0    0    0    0    0    0    0    0    0    0    0    0    0    0    0    0    0    0    0    0    0    0    0    0    0  253  254  254  254
 254  254  254    1    0    0    0    0    0    0    0    0    0    0    0    0    0    0    0    0    0    0    0    0    0    0    0    0    0    0    0    0    0    0    0    0    0    0    0    0    0    0    0    0    0    0    0    0    0    0    0    0    0    0    0    0    0    0    0    0    0    0    0    0    0    0    0    0    0    0    0    0    0    0    0    0    0  254  254  254
 254  254  254  207    0    0    0    0    0    0    0    0    0    0    0    0    0    0    0    0    0    0    0    0    0    0    0    0    0    0    0    0    0    0    0    0    0    0    0    0    0    0    0    0    0    0    0    0    0    0    0    0    0    0    0    0    0    0    0    0    0    0    0    0    0    0    0    0    0    0    0    0    0    0    0    0    0  253  254  254
 254  254  254  254    8    0    0    0    0    0    0    0    0    0    0    0    0    0    0    0    0    0    0    0    0    0    0    0    0    0    0    0    0    0    0    0    0    0    0    0    0    0    0    0    0    0    0    0    0    0    0    0    0    0    0    0    0    0    0    0    0    0    0    0    0    0    0    0    0    0    0    0    0    0    0    0    0  249  254  254
 254  254  254  254  251    1    0    0    0    0    0    0    0    0    0    0    0    0    0    0    0    0    0    0    0    0    0    0    0    0    0    0    0    0    0    0    0    0    0    0    0    0    0    0    0    0    0    0    0    0    0    0    0    0    0    0    0    0    0    0    0    0    0    0    0    0    0    0    0    0    0    0    0    0    0    0  165  254  254  254
 254  254  254  254  254  254  254  253  252  250  244  233  221   94   40    1    0    0    0    0    0    0    0    0    0    0    0    0    0    0    0    0    0    0    0    0    0    0    0    0    0    0    0    0    0    0    0    0    0    0    0    0    0    0    0    0    0    0    0    0    0    0    0    0    0    0    0    0    0    0    0    0   11   56  162  253  254  254  254  254
 254  254  254  254  254  254  254  254  254  254  254  254  254  254  254  254  254  254  254  254  254  254  254  254  254  254  254  225  155  108   95   83   76   69   63   59   55   51   47   28    0    0    0    0    0    0    0    0    0    0    0    0    0    0    0    0    0    0    0    0    6   25  131  248  254  254  254  254  254  254  254  254  254  254  254  254  254  254  254  254
 254  254  254  254  254  254  254  254  254  254  254  254  254  254  254  254  254  254  254  254  254  254  254  254  254  254  254  254  254  254  254  254  254  254  254  254  254  254  254  254  254  254  253  239  242  245  248  251  254  254  254  254  254  253  254  254  254  254  254  254  254  254  254  254  254  254  254  254  254  254  254  254  254  254  254  254  254  254  254  254
 254  254  254  254  254  254  254  254  254  254  254  254  254  254  254  254  254  254  254  254  254  254  254  254  254  254  254  254  254  254  254  254  254  254  254  254  254  254  254  254  254  254  254  254  254  254  254  254  254  254  254  254  254  254  254  254  254  254  254  254  254  254  254  254  254  254  254  254  254  254  254  254  254  254  254  254  254  254  254  254
 254  254  254  254  254  254  254  254  254  254  254  254  254  254  254  254  254  254  254  254  254  254  254  254  254  254  254  254  254  254  254  254  254  254  254  254  254  254  254  254  254  254  254  254  254  254  254  254  254  254  254  254  254  254  254  254  254  254  254  254  254  254  254  254  254  254  254  254  254  254  254  254  254  254  254  254  254  254  254  254
 254  254  254  254  254  254  254  254  254  254  254  254  254  254  254  254  254  254  254  254  254  254  254  254  254  254  254  254  254  254  254  254  254  254  254  254  254  254  254  254  254  254  254  254  254  254  254  254  254  254  254  254  254  254  254  254  254  254  254  254  254  254  254  254  254  254  254  254  254  254  254  254  254  254  254  254  254  254  254  254
 254  254  254  254  254  254  254  254  254  254  254  254  254  254  254  254  254  254  254  254  254  254  254  254  254  254  254  254  254  254  254  254  254  254  254  254  254  254  254  254  254  254  254  254  254  254  254  254  254  254  254  254  254  254  254  254  254  254  254  254  254  254  254  254  254  254  254  254  254  254  254  254  254  254  254  254  254  254  254  254
 254  254  254  254  254  254  254  254  254  254  254  254  254  254  254  254  254  254  254  254  254  254  254  254  254  254  254  254  254  254  254  254  254  254  254  254  254  254  254  254  254  254  254  254  254  254  254  254  254  254  254  254  254  254  254  254  254  254  254  254  254  254  254  254  254  254  254  254  254  254  254  254  254  254  254  254  254  254  254  254
 254  254  254  254  254  254  254  254  254  254  254  254  254  254  254  254  254  254  254  254  254  254  254  254  254  254  254  254  254  254  254  254  254  254  254  254  254  254  254  254  254  254  254  254  254  254  254  254  254  254  254  254  254  254  254  254  254  254  254  254  254  254  254  254  254  254  254  254  254  254  254  254  254  254  254  254  254  254  254  254
 254  254  254  254  254  254  254  254  254  254  254  254  254  254  254  254  254  254  254  254  254  254  254  254  254  254  254  254  254  254  254  254  254  254  254  254  254  254  254  254  254  254  254  254  254  254  254  254  254  254  254  254  254  254  254  254  254  254  254  254  254  254  254  254  254  254  254  254  254  254  254  254  254  254  254  254  254  254  254  254
 254  254  254  254  254  254  254  254  254  254  254  254  254  254  254  254  254  254  254  254  254  254  254  254  254  254  254  254  254  254  254  254  254  254  254  254  254  254  254  254  254  254  254  254  254  254  254  254  254  254  254  254  254  254  254  254  254  254  254  254  254  254  254  254  254  254  254  254  254  254  254  254  254  254  254  254  254  254  254  254
 254  254  254  254  254  254  254  254  254  254  254  254  254  254  254  254  254  254  254  254  254  254  254  254  254  254  254  254  254  254  254  254  254  254  254  254  254  254  254  254  254  254  254  254  254  254  254  254  254  254  254  254  254  254  254  254  254  254  254  254  254  254  254  254  254  254  254  254  254  254  254  254  254  254  254  254  254  254  254  254
 254  254  254  254  254  254  254  254  254  254  254  254  254  254  254  254  254  254  254  254  254  254  254  254  254  254  254  254  254  254  254  254  254  254  254  254  254  254  254  254  254  254  254  254  254  254  254  254  254  254  254  254  254  254  254  254  254  254  254  254  254  254  254  254  254  254  254  254  254  254  254  254  254  254  254  254  254  254  254  254
 254  254  254  254  254  254  254  254  254  254  254  254  254  254  254  254  254  254  254  254  254  254  254  254  254  254  254  254  254  254  254  254  254  254  254  254  254  254  254  254  254  254  254  254  254  254  254  254  254  254  254  254  254  254  254  254  254  254  254  254  254  254  254  254  254  254  254  254  254  254  254  254  254  254  254  254  254  254  254  254
