Origin:
M4068:14.729186 16.931421 16.913885 16.808165 16.829015 16.819064
M4008:7.148143 6.928305 7.492840 7.980008 8.275650 8.254046 6.789221 6.733969 6.561934 6.227106
M4067:1.372973 -3.026592 2.852908 18.897807 19.411513 19.963316 20.352131
The 1 Iter:
M4068:13.181226 15.193484 15.179855 15.084465 15.107286 15.103472
M4008:6.577065 6.390683 6.880198 7.322544 7.591281 7.563446 6.289404 6.235588 6.094147 5.785114
M4067:1.372551 -2.807645 2.654709 17.611377 18.091217 18.595060 18.954495
The 2 Iter:
M4068:12.224329 14.108156 14.091894 14.005296 14.018410 14.022071
M4008:6.247270 6.065926 6.518513 6.928907 7.171995 7.156615 5.985407 5.944824 5.801787 5.525242
M4067:1.360382 -2.653146 2.493031 16.620711 17.057793 17.539690 17.864864
The 3 Iter:
M4068:11.700208 13.522552 13.513153 13.427166 13.447963 13.447318
M4008:6.034916 5.857915 6.289942 6.684389 6.905213 6.889143 5.787417 5.740350 5.629413 5.355053
M4067:1.362556 -2.624830 2.511139 16.558544 17.000584 17.466113 17.791396
The 4 Iter:
M4068:11.313714 13.087826 13.078376 13.001910 13.014922 13.012955
M4008:5.881842 5.732006 6.133959 6.518441 6.731725 6.713334 5.653637 5.611587 5.507065 5.240058
M4067:1.362439 -2.554108 2.477166 16.240318 16.667253 17.121223 17.436969
The 5 Iter:
M4068:11.048405 12.791353 12.777747 12.700160 12.713236 12.717005
M4008:5.795945 5.635132 6.024096 6.405400 6.613692 6.594150 5.557466 5.530620 5.415797 5.174445
M4067:1.358583 -2.533093 2.440152 16.010032 16.434101 16.881456 17.191543
The 6 Iter:
M4068:10.860916 12.569161 12.559691 12.482330 12.499993 12.500751
M4008:5.727763 5.562922 5.958396 6.319395 6.518505 6.512538 5.499762 5.461930 5.360332 5.118221
M4067:1.350751 -2.489201 2.402173 15.775744 16.192248 16.631906 16.938166
The 7 Iter:
M4068:10.787307 12.493686 12.487127 12.412595 12.426412 12.425987
M4008:5.681792 5.535701 5.914567 6.275890 6.477491 6.449718 5.461472 5.417907 5.312663 5.082669
M4067:1.354725 -2.506079 2.456969 15.966539 16.384055 16.822649 17.132796
The 8 Iter:
M4068:10.617912 12.305667 12.296399 12.222939 12.233733 12.242847
M4008:5.618589 5.466725 5.850821 6.206447 6.392805 6.384767 5.397949 5.368575 5.262166 5.020649
M4067:1.354705 -2.467875 2.437100 15.808855 16.219696 16.651567 16.956018
The 9 Iter:
M4068:10.549540 12.230165 12.220524 12.150935 12.161797 12.161489
M4008:5.578310 5.430520 5.800098 6.154194 6.340026 6.322863 5.360209 5.326840 5.223312 4.981916
M4067:1.366382 -2.488508 2.487983 15.991992 16.410456 16.842402 17.150650
The 10 Iter:
M4068:10.388520 12.046058 12.032401 11.969263 11.980646 11.989288
M4008:5.511120 5.371251 5.738056 6.080727 6.262045 6.253689 5.314403 5.278221 5.172633 4.944187
M4067:1.358598 -2.448463 2.469137 15.825638 16.243248 16.669406 16.971948
